1399449
2871378
2874331
2981813
2779663
2686310
2486482
1805752
2981811
2982084
2981814
2981812
2982085
2981810
2981815
2981938
2981809
2981828
2981829
2981831
2981819
2981816
2981823
2981830
2982140
2981822
2981821
2956460
2956458
2956482
2956483
2956470
2956567
2956461
2956464
2956471
2956469
2956480
2956643
2956459
2956570
2956472
2956571
2956481
2956463
2956467
2956404
2956385
2919269
2919273
2919272
2919270
2919261
2919260
2919259
2919263
2919267
2919262
2919258
2919271
2919268
2919265
2919266
2919264
2900910
2900908
2901625
2901624
2900939
2900938
2900937
2900929
2900912
2900913
2900936
2900911
2900909
2887280
2887276
2887306
2887299
2887279
2887278
2887277
2887305
2874341
2874316
2874332
2874330
2874314
2874311
2874413
2874405
2874392
2874414
2874393
2874333
2874315
2874313
2874312
2874277
2874342
2874417
2874406
2874404
2874416
2871407
2871369
2870983
2870982
2870943
2870711
2869786
2871008
2871001
2871000
2870999
2871371
2871370
2870998
2870981
2870531
2870930
2871688
2874415
2839553
2839914
2839531
2839523
2839912
2839510
2839495
2839492
2839913
2839788
2839554
2839550
2839535
2839532
2839534
2839521
2839529
2839477
2839853
2839514
2839790
2839789
2839549
2839915
2839533
2839530
2813710
2813714
2814327
2813712
2814328
2813713
2813711
2779693
2779692
2779660
2779661
2779738
2779659
2779662
2779739
2779740
2748710
2748719
2748708
2748706
2748688
2748690
2748689
2748694
2748691
2707016
2707023
2707018
2707017
2707024
2707025
2707076
2707015
2707014
2707013
2707061
2707062
2693950
2686316
2686313
2686311
2686312
2686276
2686394
2686302
2686314
2686273
2686317
2693951
2686315
2649440
2649439
2649438
2649437
2649425
2633666
2633660
2633661
2633663
2633659
2633664
2633665
2633662
2605617
2605620
2605619
2605618
2605621
2587945
2587946
2587947
2587944
2587948
2577282
2577281
2568877
2568876
2568878
2533435
2533434
2533436
2511026
2511024
2511025
2511022
2511023
2511021
2486490
2486489
2486457
2486488
2486456
2486487
2486486
2486485
2486484
2486483
2395297
2244621
2241604
2244622
2238746
2241605
2238745
2241606
2238744
2238743
2200671
2213660
2200670
2213663
2213662
2213661
2200669
2151072
2200666
2200668
2151076
2151075
2151077
2200665
2175512
2200667
2151074
2100055
2148044
2176056
2164953
2147022
2151071
2048501
2045664
2151070
2176055
2148045
2151073
1949821
1919382
1924527
1894810
1904227
1894809
1885264
1847525
1847524
1847523
1847824
1838918
1810303
1810302
1810300
1810299
1810298
1803790
1810301
1805503
1779790
1779792
1783862
1779791
1697820
1705810
1698928
1636058
1592496
1630637
1630636
1592495
1592296
1557522
1540430
1525172
1524793
1524792
1470456
1479457
1483824
1470455
1421414
1409775
1408082
1408083
1399466
1399465
1399464
1399463
1399462
1399461
1399460
1399459
1399458
1399457
1399456
1399455
1399454
1399453
1399452
1399451
1399450
